418903732
566220026
568961091
576874903
586503656
501419209
544284145
528303737
549030147
484882742
539464916
538379314
531028587
467170498
506453942
519839920
522605919
490929381
519332769
426181886
523354768
419023745
432595435
485739369
524339169
417802623
504129731
518726072
433193073
477091680
477156367
473833667
433526290
411397892
386748211
368454096
437162526
313138840
454664461
377655523
430618753
399307577
416019543
461442099
457816464
391876961
427817359
138911210
131368017
447197192
395987434
445099076
445385311
316943047
413559497
326331674
430604344
427816788
416459700
137729114
107065986
89963967
133981429
86682746
331031110
170275029
402588122
109193316
89484713
363761002
312971495
110289971
396978959
395379290
120951081
112958104
116343840
391891720
311356155
330136939
308735508
115159007
86405281
377151402
101847979
127367716
97699874
105455344
96652422
80122044
146378738
330720219
76513126
324789304
98332770
80317792
76362769
81427586
74030116
107179486
166713974
82408933
73770265
88451554
88164791
117261459
64579360
86052425
32218159
79906957
11463902
83181655
25683834
16968913
40747361
15820143
49532702
42747034
79339141
19201765
22114627
26883488
11509636
99137247
57575018
33204936
16312124
92884553
25590420
85812050
6185746
82494888
32593682
37137473
53629568
10458122
29906059
21742464
12769699
3777071
600658320
596319067
589401706
595280047
553921418
520004498
534549583
518937685
485896980
484369407
469563303
430698927
419515057
399442848
396602276
392955182
390174006
381017247
380455043
387699584
377156132
376048316
390004072
329154267
321862513
324824592
151840271
122717522
112100858
102711361
107900573
76675715
80144479
40008883
34967227
523230339
504987415
510203261
490163908
477197386
479780288
484625584
469168553
473769451
456627617
452252955
452880141
445940730
429460942
431908265
433386419
431395439
415533383
406973364
407899857
398758232
394981176
398266675
384899619
386251325
396956245
384637562
376130211
378232979
389908226
364475105
369791516
366999736
331409022
328940481
330502322
326897333
314769209
318876837
316442474
307869920
326291477
318112909
319299521
310440072
310451585
306798353
169482091
166198415
164530549
116201340
104081723
98970145
90960075
89834614
46543774
632965756
633869621
641817768
644650720
631950397
640183950
633317750
643240335
636333888
633196181
625208061
624649904
617222690
617038943
600114653
564003108
577185184
586872318
563318803
556150229
537670745
538459747
534970837
518125729
510456680
506307214
475189962
436987827
486300283
486367602
328766563
634902634
635524567
645153468
646198604
693216366
646535396
574170829
636757128
599000759
627248939
642277948
641990263
422300723
521385488
627682950
530683130
173712094
551546563
590374139
634786586
138741592
611300717
618358450
530640885
557926085
554928119
613902337
530648944
623816455
617862049
634244785
477935917
510339228
638799445
641611737
645584237
615646051
634709138
647999392
625859182
634363787
591323853
512905464
597627531
470728132
627486674
642911092
596297115
503167940
469808482
505834757
474437396
564082645
620640354
628546198
532171623
497577283
505954993
486935024
587503132
598029210
507263257
571292289
620762187
639369324
638171752
428736113
632697641
552807463
534004769
493527432
473858426
503192922
430175103
572289099
573241153
635014212
541183133
626231847
631350991
538739724
386764774
564561561
544105077
594636432
457547903
644022694
601565390
629064950
638919014
552877115
639357449
551698888
544784875
630780363
565709224
590720971
625940274
555215226
569534920
620091933
570050706
645880974
570898614
593366956
569863402
527086339
599546344
611767123
600981375
627199607
596654939
605862799
568895708
605994892
629094096
534983810
638929407
621575321
585599099
613527455
636212844
633378261
610168801
636631319
646963226
640969841
580164125
645248108
625010394
644949913
646072033
455717860
590816776
513068734
403948632
555652757
112136328
539834205
432853091
125467636
98097917
532726585
416350551
366989962
107997568
103339892
443753922
428146786
444384318
102227390
389914958
137830571
11540223
128296483
88401313
12584677
693886458
693804059
692831968
632607681
646879467
572199489
636567365
591819128
692809304
646733369
692556278
563566290
693024884
635080703
643275524
693792399
694318006
640807688
692707279
647163413
639594311
637986260
695089291
691560097
694837646
611339100
641663133
637700222
643294034
638978420
566575822
695364474
693708358
647381960
640522542
553074626
564586563
692229168
603229256
619608224
598466512
585343209
615083277
640899675
641382436
639093265
504801723
647019005
576974758
645711233
576915939
635267508
635798972
632923003
644143151
603583526
642871607
644069850
633196574
691700255
647980016
633233003
621034951
626901582
641597719
617906384
632670714
577542876
627075471
628016091
692296487
641328484
629921829
520303772
606126750
591175669
639817034
606548988
537725994
603470931
618411476
641704209
691188976
545453163
611088304
648164906
625794365
593610875
559356521
648623844
596417656
692841934
596436004
641615462
605500353
627958243
639694366
645033444
629127011
610694278
603561358
607811827
586727446
432243848
691066019
538335929
629947915
610351868
602976626
642473062
571368647
633102225
692768131
639602429
571791858
630245295
635663273
484129256
472695234
643782136
631463956
143804553
