695554302
695564062
695554299
695553380
695559156
695550541
695549602
695552434
695546649
695551452
695551451
695555276
695571010
695532919
695548590
695531857
695549600
695541792
695570020
695545664
695539784
695538772
695544707
695556304
695570015
695558292
695530865
695535830
695556301
695534883
695527938
695570010
695552425
695532910
695567052
695532909
695529001
695531852
695561108
695556295
695530857
695570003
695526992
695539773
695552418
695544691
695548581
695557283
695556291
695526990
695566053
695527932
695566052
695550521
695532903
695560119
695554283
695535817
695560118
695553364
695539769
695527926
695547576
695538754
695556282
695553361
695528990
695560115
695524993
695560114
695558268
695554278
695546617
695550510
695535811
695563071
695546615
695532894
695563070
695545636
695547575
695548572
695554276
695530845
695542733
695540812
695532890
695545633
695546609
695541777
695547571
695564042
695558261
695555251
695559136
695539761
695555249
695546604
695544675
695566037
695533848
695550496
695567028
695540808
695538744
695547569
695537716
695544673
695526972
695531831
695549567
695553349
695548566
695561087
695563063
695540806
695566035
695543677
695548565
695566034
695556270
695563060
695556268
695549565
695536771
695533843
695564038
695562095
695556266
695542727
695529949
695557264
695557263
695563058
695529948
695557261
695564036
695565028
695563056
695558256
695534859
695535791
695544659
695556261
695556260
695524976
695566029
695566028
695530827
695559130
695544658
695559128
695534856
695552394
695549557
695544657
695528972
695547556
695559123
695540801
695559120
695532874
695562090
695534855
695550486
695539746
695550485
695541760
695546590
695543666
695542717
695560089
695546588
695542716
695540793
695549547
695546586
695563049
695551414
695533830
695528963
695555237
695528962
695537705
695530821
695542714
695524964
695553333
695567012
695554249
695566021
695560082
695563045
695545611
695543663
695528959
695541751
695551409
695526961
695533828
695556245
695543662
695548542
695536756
695558240
695543661
695558239
695528957
695530818
695526959
695549541
695553327
695534847
695560077
695529924
695562076
695563039
695530816
695561066
695550475
695563038
695528954
695533818
695551402
695540785
695528952
695534843
695559112
695538715
695553324
695545607
695524953
695563036
695524952
695539727
695539726
695540783
695559110
695566008
695550470
695522995
695547535
695548533
695548532
695563033
695564023
695565010
695563032
695566004
695527895
695535770
695544632
695555225
695526000
695541741
695538711
695555224
695530811
695564022
695555223
695563026
695522988
695537685
695562065
695557237
695531801
695547525
695545596
695522986
695555218
695540776
695548520
695533806
695530807
695564015
695542703
695529907
695558220
695547522
695533804
695546563
695528940
695558219
695533802
695537679
695526948
695555213
695527889
695536744
695561056
695548518
695532854
695536743
695555210
695554226
695538704
695524941
695530805
695557231
695550458
695558217
695538703
695531795
695546559
695554222
695540774
695563015
695552370
695527888
695540773
695562057
695553306
695534821
695559100
695528934
695529899
695528932
695527881
695532844
695519991
695516990
695533799
695548512
695535755
695555209
695562053
695548510
695561047
695540764
695551383
695564004
695551380
695525979
695543646
695531789
695529891
695536735
695532839
695561045
695553298
695535747
695519981
695537663
695542682
695556214
695547510
695551373
695557216
695549512
695540758
695555199
695560053
695546547
695552360
695524932
695526935
695545574
695554209
695528917
695551371
695526933
695549508
695545572
695520997
695527867
695557213
695547506
695527866
695556209
695532830
695558205
695543640
695540754
695557208
695549503
695543639
695527865
695546540
695527863
695539689
695526926
695538691
695532828
695524923
695559087
695558198
695562036
695534798
695549498
695516977
695540750
695532826
695530785
695554197
695522956
695535729
695529877
695527856
695533781
695552348
695558195
695532822
695516974
695518988
695557201
695551367
695558194
695526923
695524915
695531780
695550440
695530781
695555187
695522953
695538683
695536716
695529875
695554194
695528904
695528902
695540743
695560035
695548492
695532817
695519963
695520985
695561026
695541699
695529868
695561024
695534790
695539671
695540741
695554189
695543621
695519960
695554188
695558188
623816796
695519959
695546532
695538677
695522947
695545559
695547493
695549482
695558184
695542656
695545558
695525955
695537644
695518978
695520976
695553270
695532813
695538676
695526912
695559075
695535718
695538673
695533770
695539666
695545552
695526909
695539665
695559074
695519956
695542651
695553262
695526907
695528889
695560025
695533768
695518974
695522940
695522939
695539664
695548483
695525946
695528886
695533767
695534786
695543604
695549472
695534785
695537635
695536707
695560020
695562018
695522936
695546523
695557182
695526903
695555172
695560016
695546520
695560014
695530760
695557180
695532805
695524900
695562015
695549470
695532804
695519946
695562013
695528879
695559064
695519945
695522933
695531766
695530758
695536701
695554168
695520965
695549469
695527836
695531764
695516950
695536698
695520963
695554166
695559062
695547476
695548473
695526896
695533761
695545544
695518963
695542642
695560006
695530755
695516948
695522929
695529855
695533758
695518962
695557173
695537626
695516947
695527827
695528873
695547474
695528872
695526891
695546509
695532795
695551341
695532794
695546508
695553246
695528870
695516943
695541677
695555165
695544579
695542636
695528867
695555164
695543586
695555163
695536689
695533752
695558159
695552318
695531755
695518957
695529846
695552317
695535701
695531753
695519935
695518956
695551336
695532785
695550405
695529842
695536688
695547466
695554158
695552315
695528863
695557167
695538650
695547465
695526886
695528861
695541670
695546497
695546496
695539647
695547463
695539646
695528859
695541667
695521996
695518952
695547459
695540714
695538642
695557165
695518951
695536683
695557163
695534751
695549448
695540712
695528856
695517993
695544565
695553232
695518947
695556171
695539644
695531744
695550394
695556170
695523990
695554152
695544562
695517991
695522908
695524881
695517990
695526879
695517988
695556167
695545529
695532771
695544560
695547455
695520945
695519920
695533736
695546489
695548453
695547453
695533735
695545526
695547451
695552304
695549439
695521982
695528849
695527806
695531739
695545524
695518940
695540704
695524872
695556163
695555142
695528846
695531736
695550383
695537601
695517980
695534738
695543566
695547446
695525906
695550381
695526869
695535683
695540702
695557152
695521972
695539636
695551310
695553224
695556162
695529823
695541643
695530735
695540700
695550378
695545514
695557149
695556161
695541641
695548447
695543561
695537596
695536668
695526864
695518932
695557148
695559032
695548445
695526863
695526862
695538630
695556157
695532755
695553222
695536665
695527796
695545512
695520933
695547441
695523969
695520932
695549425
695551305
695553220
695556152
695529814
695543558
695540695
695533728
695518929
695551303
695530727
695531724
695521968
695546469
695537587
695523965
695527790
695525899
695546467
695550372
695533724
695532750
695528840
695524861
695551301
695517970
695516912
695553216
695548434
695543552
695542612
695539626
695549418
695518926
695559022
695524855
695523959
695546463
695516909
695523958
695553212
695555126
695554134
695516908
695526855
695527785
695551299
695550367
695529804
695556142
695520925
695558117
695528835
695523956
695545505
695558113
695528832
695531719
695544535
695520923
695548431
695521961
695542605
695520922
695540688
695545498
695520921
695547427
695538622
695530722
695550359
695516904
695525894
695535670
695548430
695521960
695532742
695545497
695526846
695519903
695520917
695559016
695548428
695546453
695540682
695545493
695531715
695538621
695533714
695546451
695544525
695520915
695556133
695536647
695518915
695538617
695525889
695530718
695529790
695541623
695542600
695552278
695552277
695529789
695528822
695547420
695538616
695556131
695538615
695532737
695549409
693128176
695538614
695555117
695535667
695539619
695546448
695540677
695543532
695538613
695518910
695546445
695538610
695519900
695555113
695555111
695524843
695547414
695559014
695529782
695554122
695546442
695549404
695556127
695539615
695550350
695535662
695545482
695547411
695547410
695543528
695541615
695553194
695538607
695529780
695535660
695548419
695554120
695540673
695516895
695539609
695519895
695552269
695554118
695546438
695549397
695530707
695542590
695537568
695555100
695557118
695541607
695523938
695529775
695555099
695539608
695518902
695537566
695529774
695536642
695534708
695552266
695539607
695526835
695517948
695537564
695540665
695517947
695553185
695524837
695528806
695529772
695523933
695542588
695535650
695541603
695533699
695552261
695541602
695534702
695539601
695525869
695555095
695517943
695551272
695533698
695523930
695551270
695540660
695520895
695518898
695535647
695530700
695554110
695533696
695543516
695533693
695538591
695552259
695534695
695558083
695543515
695516879
695544506
695552257
695528799
695556112
695516877
695545469
695534691
695542582
695522863
695557106
695522862
695550332
695543512
695530694
695517933
695552253
695519885
695553176
695539597
695538586
695529765
695543510
695516874
695533690
695533689
695533688
695558077
695535642
695558076
695554107
695540657
695543508
695552251
695538584
695534685
695540656
695556107
695555085
641448544
695551261
695546420
695551259
695519883
695550328
695529760
695543505
695551258
695541591
695558073
695553169
695552247
695542572
695524821
695547386
695532707
695530689
695529756
695542570
695538580
695555081
695534680
695532705
695535636
695548392
695543499
695526810
695515986
695533679
695550323
695521926
695537543
695546409
695542566
695519878
695542565
695553161
695555078
695528780
695528779
631757538
640723722
640890729
640267218
643811038
695530683
695525846
695519877
695515982
695527752
695545455
695538577
695543495
695526805
695549370
695548386
695554099
695534676
695516862
695556099
695541581
695528774
695538574
695517921
695523905
634545165
610840383
610494041
695554098
695546405
695535631
695529748
695529747
695528772
695533671
695526804
695516861
695537537
695555071
695520877
695524810
695534671
695540645
695547375
695548383
695521918
695527748
651621650
689860545
689767919
695545448
695557086
695545447
695522843
695537535
695548381
695556094
695554089
695520872
695552236
695524807
695528766
695517916
695542554
695520869
695549363
695557085
695531687
695531685
695550310
695543488
695541572
695554086
695518879
695551242
695536615
695539579
695518878
695558061
695531680
695555067
695557080
695516850
695519868
695553147
695553146
695519867
695537531
695539578
695529740
695531676
695529739
695534657
695556085
695537528
695526789
695520862
695517910
695521906
695523888
695554078
695548369
695550302
695547363
695517909
695524801
695558048
695526787
695545436
644619861
695517907
695551235
695523885
695530668
695535619
695532685
695539566
695518870
695526784
695558046
695558045
695527730
695542540
695541562
695556076
695548362
695529731
695546391
695534647
695549353
648073508
689027504
688976425
695549352
695519862
695530666
695529729
695525825
695546390
695546388
695537522
695549347
695555059
695522828
695557070
695554073
695554072
695552213
695556074
695537519
695551226
695528749
695538554
695528748
695538553
695546384
695546383
695515964
695517898
695517897
695533655
695529724
695537513
695547354
695558032
695550291
695533654
695530660
695552208
695539556
695551221
695517894
695546379
695525813
695537512
695547353
695529721
695546378
695542534
695516832
695541553
695528740
695531663
695529720
695558029
695556068
695535606
695530658
695555053
695550286
695545420
695553125
695529718
646199877
649768211
689004166
695546376
695545415
695535602
695547349
695550284
695549340
695518852
695551216
695553120
695532675
695549339
695555047
695520844
695544463
695538546
695553119
695553118
695549336
695526771
695536585
695541542
695545411
695536584
695550283
695535601
695548342
695550282
695536583
695535600
695553115
695540614
695530651
695558024
695529712
695524785
695518846
695542529
695557057
695522817
695531653
605282539
518913509
695541539
695545404
695537504
695521887
695518844
695538539
695521886
695553113
695547344
695529711
695538538
695528735
695530649
695554053
695515945
695553112
695521885
695528734
695552194
695519848
695530647
695515943
695541531
695530645
695532670
695522807
695557047
695544454
695557044
695530640
695544453
695551208
695542523
695516821
695530639
695554051
695522806
695549330
695515938
695547338
695516820
695518838
695543445
695543443
695539540
695520832
695522804
695520830
695556044
695517878
695556043
695547336
695528728
695557040
695522801
695556042
695553102
695540601
695548329
695531647
692836761
695526760
695534623
695517877
695530634
695529701
695517875
695532658
695533633
695541523
695541522
695524772
695548325
695536565
695545390
695528721
695557031
695552184
695530630
695547331
695532655
693082245
629335884
692957995
695523863
695556036
695551190
695525788
695528716
695515928
695547329
695553099
695533626
695520823
695540593
695558006
695542513
695526754
695533624
695553097
695527699
695541516
695517873
695558005
695546356
695526752
695530625
695544444
695544443
695533622
695549321
695533621
695542510
695516815
695527696
695549317
695553095
695539528
695554042
695533620
695540590
695548319
693180082
693396123
695522794
695516814
695525787
695532645
695517870
695556032
695535587
695522791
695538524
695521874
695533619
695519839
695534609
695538521
695532644
695548314
695539523
695516809
695517867
642899842
693498689
648070869
693060943
693051810
695540583
695517866
695532641
695523858
695535582
695554039
695524760
695528708
695552171
695557022
695551184
695513996
695553088
695539519
695536554
695527692
695534605
695555019
695528707
695545377
647156384
695538519
695556026
695541507
695545376
695557019
695545375
695518823
695551179
695527688
695554034
695544437
695556023
695557016
695554033
695535576
695522787
695552165
695518819
695530617
695515916
639104782
692477215
635054626
695549306
695543423
695521869
695553080
695525777
695524754
695524753
695525776
695525775
695525774
695515915
695518816
695527686
695530614
695546340
695549300
695547310
695551174
695519832
695544433
695547308
695516799
695553075
695532633
695522782
695556015
695537469
695550255
695544432
695545368
695517859
695523845
695535566
695522780
695538513
695540576
695513985
695551172
695557007
695552151
695541499
695521862
695543413
695535564
695535563
695526729
695513982
695541496
695519826
695517856
695542491
695524750
695533599
695513981
695554016
695542487
695538510
695515900
695550249
695544427
695551169
695550247
695524744
695554015
695537454
695553066
695515894
695547301
695524743
695528691
695521857
695549292
695556013
695522774
695535559
695536533
695520799
695539494
695547299
695543406
695513975
695520798
695534591
695542482
695544423
695531620
695522773
695537451
695515890
695512998
695537449
695529663
695543403
695536527
695545360
695540565
695541489
695528684
695552142
695542479
695553053
695522769
695556006
695515888
695544418
695536522
695544417
695533592
695522768
695537443
695548288
695516789
695539486
695546323
695527668
695547290
695545356
695537441
695519814
695539485
695531614
695541486
695542470
695531611
695527665
695548284
695510992
695520789
695522761
695534588
695512001
695523826
695512986
695539481
695546319
695551152
695523824
695517840
695543393
695530588
695528680
695515878
695543392
695538495
695540552
695510989
695518795
695542465
695529647
695552131
695542464
695535543
695516781
695544401
695535542
695528677
695525752
695549279
695545348
695519810
695514999
695540549
695533584
695532619
695541474
695528675
695538491
695551150
695523821
695543390
695521835
695521834
695518793
695549275
695534584
695510986
695546311
695510985
695548276
695547278
695521832
695511989
695533581
695537435
695524726
695524725
695551149
695534582
695550229
695550227
695534581
695524722
695513954
695551148
695540545
695552122
695510982
695537430
695518791
695513953
695530581
695524719
695551146
695515870
695535536
695549267
695513952
695551144
695527646
695542455
695518789
695537427
695532612
695550222
695544392
695545334
695542453
695519799
695521824
695541465
695551142
695540539
695527644
695540537
695526705
695540535
695519798
695537424
695533575
695521823
695530578
695553026
695544388
695531593
695517828
695510974
695531592
695539469
695527642
695518784
695553024
695550217
695530576
695539468
695540531
695521818
695532603
695513948
695537423
695535527
695526703
695514984
695526702
695510971
695517824
695542449
695510970
695551135
695540530
695517822
695540529
695528660
695525740
695551133
695512962
695535523
695531588
695510968
695534572
695523816
695539465
695512961
695540528
695531586
695518774
695553016
695519793
695550210
695547261
695545323
695511975
695515856
695546297
695515855
695524712
695538473
695532598
695540526
695529627
695537419
695551128
695523813
695518771
695538471
695547258
695515851
695543365
695520761
695549253
695520760
695546293
695525730
695512954
695517819
695539461
695548257
695516765
695550207
695549252
695541455
695538467
695534566
695523812
695519785
695543360
695510959
695534564
695543359
695510958
695543358
695526695
695531577
695510956
695549248
695550204
695549246
695530565
695552099
695546289
695524708
695517816
695517815
695549243
695552097
695529620
695547252
695512948
695529619
695545316
695517814
695512947
695552096
695520753
695521807
695527629
695531575
695535514
695549242
695517809
695528653
695530561
695521805
695540516
695510954
695511963
695525720
695520747
695519772
695530560
695540513
695529613
695538465
695515845
695525718
695523804
695539454
695517805
695526685
695513931
695524703
695529612
695514967
695538461
695553005
695513929
695510950
695525717
695532585
695539452
695512941
695542428
695540511
695544367
695511960
695521802
695544366
695547249
695515838
695524696
695540510
695530556
695529609
695524695
695512937
695518750
695522722
695545310
695513922
695544364
695522720
695551106
695549237
695512931
695511951
695519766
695551105
695524692
695522719
695551104
695538456
695549234
695525713
695536482
695548240
695550193
695544360
695517795
695526676
695513914
695530553
695524688
695525711
695512927
695540504
695525710
695532573
695543342
695533537
695551097
695552084
695532571
695541435
695538453
695536479
695515825
695516740
695521790
695530546
695536478
695514951
695528635
695519757
695529600
695552083
695519756
695539442
695548236
695526673
695532565
695521787
695522707
695516732
695542418
695519752
695540500
695519750
695522706
695512922
695535499
695546272
695547234
695531556
695521784
695515814
695541429
695550185
695525699
695541428
695533530
695539436
695517785
695549227
695540498
695524679
695540495
695529594
695545298
695510934
695510933
695539433
695516727
695523785
695552079
695552077
695552076
695518730
695512916
695544348
695533526
695538444
695540494
695552074
695539430
695539429
695530543
695511937
695519740
695534532
695514943
695524672
695529587
695517781
695540489
695539428
695510931
695538440
695509990
695543320
695542408
695526665
695544345
695549219
695537390
695537389
695516723
695517776
695512912
695521775
695513899
695510925
695542404
695550171
695529578
695520719
695528615
695517772
695510922
695552062
695540477
695541417
695544341
695511929
695540476
695523773
695550167
695544339
695545286
695527596
695539422
695516714
695514936
695539420
695544337
695528612
695521771
695524663
695511924
695519733
695528611
695546249
695538430
695515799
695516713
695517766
695535476
695552059
695527594
695520712
695535475
695518714
695531536
695518713
695536460
695538426
695521767
695510914
695545280
695520709
695513892
695530532
695545279
695524660
695526658
695517762
695519731
695523767
695540471
695521766
695545277
695516711
695518710
695519730
695529566
695532545
695512898
695513887
695516710
695516709
695529563
695520706
695541408
695531532
695545276
695514928
695519725
695537379
695518706
695516705
695519724
695550157
695527590
695552053
695529562
695551062
695514926
695512891
695524653
695544327
695525676
695539407
695518705
695552051
695533502
695548218
695529561
695530529
695529560
695511908
695538417
695542385
695519720
695540462
695533498
695532536
695521757
695539406
695514920
695512884
695540460
695522671
695549199
695539403
695518698
695542382
695518697
695515777
695524648
695525663
695546234
695530525
695551056
695525661
695529554
695517748
695536445
695510907
695546233
695513875
695512880
695512879
695511899
695528601
695520698
695523747
695518691
695521748
695536443
695513872
695546231
695540455
695520694
695544317
695552037
695523743
695522668
695532528
695538409
695538408
695540453
695517742
695526642
695536441
695546230
695532526
695526639
695535454
695515770
695527571
695546227
695547198
695534498
695521739
695520691
695523739
695541394
695543281
695551047
695550141
695536439
695535451
695514913
695548208
695537368
695542370
695524637
695512874
695541389
695534492
695543280
695524636
695514912
695544308
695541388
695516691
695544307
695526632
695540446
695518684
695549190
695514909
695520687
695525651
695551040
695519701
695551039
695545257
695541384
695540444
695513860
695533489
695512870
695545254
695538403
695511889
695520683
695532517
695531510
695531507
695511887
695531505
695550132
695534486
695524631
695546216
695523733
695521724
695523730
695532516
695529541
695543272
695535442
695527560
695519695
695535441
695544302
695515752
695513857
695512862
695551030
695513856
695547193
695510889
695509946
695543269
695517721
695517719
695517718
695528580
695548198
695533482
695513854
695536428
695537363
695514900
695542357
695532514
695523725
695523724
695523723
695518678
695542354
695509943
695523721
695541378
695534482
695529538
695523720
695550126
695534478
695518675
695541375
695513851
695539383
695511880
695510886
695528574
695527551
695526620
695523714
695536422
695539381
695545244
695547186
695548190
695509940
695530500
695532505
695535434
695519686
695549175
695525635
695525634
695538387
695538386
695545240
695525632
695525631
695551018
695535432
695541372
695548186
695544286
695526615
695520669
695524619
695510882
695524617
695527544
695519680
695537352
695534472
695548185
695540427
695551014
695548184
695552010
695534471
695534470
695525628
695525627
695526612
695512847
695523704
695510878
695542347
695517709
695534469
695510875
695519678
695526610
695544281
695531489
695516664
695535430
695539372
695526609
695549171
695528568
695541367
695514885
695511873
695540418
695547181
695546199
695518666
695541366
695547180
695544278
695510871
695552002
695531486
695532495
695521705
695516658
695521702
695548179
695539368
695534460
695525623
695536411
695523694
695511870
695514881
695539365
695531484
695551004
695537347
695521701
695518661
695520662
695532493
695518660
695548175
695537346
695522643
695523692
695515727
695512844
695524611
695542339
695548174
695551002
695521697
695538373
695532490
695512842
695522638
695526607
695528561
695525617
695517705
695511866
695547170
695519671
695513839
695532489
695519670
695543256
695534449
695513837
695526602
695535419
695531481
695524606
695531480
695536405
695539363
695550107
695517702
695526599
695548168
695510861
695533461
695519667
695540407
695523687
695534446
695536404
695520658
695516646
695517699
695512841
695509925
695521692
695534445
695524602
695525611
695522637
695541356
695534444
695527534
695544270
695523684
695514870
695535414
695526595
695509922
695550104
695523683
695535413
695532484
695532483
695538368
695545226
695514867
695537336
695532481
695536398
695507992
695527528
695518646
695534440
695536396
695520655
695540402
695522634
695540401
695521688
695535407
695525608
695512831
695530479
695509918
695534438
695534437
695525607
695513831
695548164
695511862
695522633
695514862
695532473
695548163
695533450
695545223
695534434
695519655
695519654
695511861
695531470
695512827
695542328
695539356
695550096
695524589
695508981
695549141
695548161
695515712
695519650
695514858
695525603
695515711
695540390
695539355
695520647
695532469
695546175
695523673
695537329
695545218
695542322
695519648
695524587
695538350
695524585
695517693
695531466
695528547
695550090
695527518
695549137
695507985
695539352
695513821
695520645
695514853
695507983
695550088
695546171
695515706
695541333
695542318
695528544
695509910
695519646
695519644
695513819
695516631
695522619
695522618
695529505
695544260
695543242
695540386
695541331
695516629
695537319
695550083
695546168
695525597
695545210
695549135
695542314
695546166
695533430
695519640
695511844
695527512
695550079
695534417
695518629
695550078
695542312
695529498
695533426
695538341
695550077
695529497
695527510
695544251
695527509
695528539
695517684
695516626
695511840
695514845
695510832
695534414
695517681
695545203
695522611
695526579
695509902
695541324
695538336
695530463
695523661
695525592
695521672
695533423
695510828
695550071
695509900
695528535
695526577
695535389
695532452
695529491
695527505
695515693
695543235
695548141
695545202
695514842
695547136
695538332
695531448
695542303
695511831
695510822
695523649
695510821
695534408
695521667
695524563
695546154
695517671
695517670
695550070
695539335
695519631
695508955
695533417
695539333
695530453
695532446
695547132
695537307
695513806
695525583
695545196
695550069
695523646
695544240
695550067
695514838
695518614
695538327
695530452
695543227
695517667
695549117
695548134
695527497
695527494
695521663
695529483
695529482
695545193
695514834
695520622
695529481
695534398
695512800
695508951
695545188
695525581
695527492
695528522
695515681
695539325
695544230
695527490
695509889
695544229
695523635
695519625
695524556
695548130
695523633
695511824
695530443
695511823
695512796
695514826
695544228
695507961
695510805
695532434
695528518
695538317
695515677
695527485
695543214
695521657
695519623
695522597
695543213
695546137
695509887
695507954
695548128
695519622
695537301
695528515
695542285
695515672
695516604
695507951
695525572
695527483
695526563
695528514
695545176
695516603
695531437
695549108
695549106
695508947
695550054
695534389
695527478
695542281
695514818
695545171
695509883
695522595
695535367
695528511
695534387
695532428
695532427
695536354
695523621
695532426
695536353
695545169
695544216
695531434
695547113
695542278
695515666
695540347
695524545
695539314
695528508
695522591
695515664
695544208
695545166
695532421
695536348
695530432
695523613
695512786
695517644
695530430
695526549
695511814
695524542
695526548
695534380
695537293
695548122
695544205
695544204
695534379
695540339
695538298
695517641
695507939
695532419
695547105
695527470
695511813
695517639
695542274
695546129
695511810
695522585
695541289
695515659
695524540
695518586
695517636
695515658
695531429
695519606
695511809
695527468
695542271
695533393
695528503
695511808
695548117
695546123
695532416
695547104
695534375
695546122
695513788
695514801
695522580
695550039
695520595
695512780
695535358
695525557
695508937
695517633
695547103
695507934
695514796
695550037
695529456
695540330
695511804
695550034
695536338
695544196
695515654
695545150
695509867
695518582
695544194
695534370
695532410
695547098
695527463
695541284
695524534
695515651
695514795
695549086
695520592
695519600
695536334
695520591
695523599
695511800
695545148
695526534
695543183
695520588
695531422
695515645
695533382
695537284
695537283
695533381
695516589
695522577
695508931
695522574
695544189
695522573
695512775
695512774
695515644
695510779
695516586
695547096
695525552
695534362
695527454
695539300
695513777
695520583
695529446
695538284
695517627
695527453
695513775
695535348
695521621
695532402
695528493
695547092
695521619
695511795
695547090
695535345
695549077
695526526
695524529
695539296
695524528
695513772
695531413
695550028
695518570
695526524
695511793
695523592
695516582
695514785
695524527
695507926
695527447
695541277
695513769
695509860
695534356
695542247
695526521
695522568
695537276
695510770
695526520
695543174
695508921
695532394
695527443
695545136
695541275
695519592
695527439
695534355
695523586
695544177
695540305
695543172
695548102
695525543
695533370
695521610
695523584
695519591
695547080
695518561
695526517
695509857
695526516
695514777
695547079
695538269
695511783
695544175
695508916
695548100
695529433
695539291
695541268
695513764
695535335
695533366
695546105
695509852
695522565
695535334
695544173
695544172
695527434
695546104
695521609
695522564
695524514
695534351
695525538
695541264
695513762
695509850
695547075
695548098
695520568
695525536
695545130
695516575
695536310
695544164
695518556
695523580
695515625
695550010
695510764
695521597
695534348
695522559
695517609
695536309
695531400
695533359
695540300
695522558
695543163
695507915
695517608
695534347
695547072
695531398
695538259
695510760
695526508
695537263
695514772
695542236
695534346
695515623
695546094
695520558
695525532
695543162
695528470
695525530
695549063
695528469
695520557
695525528
695533356
695531395
695529420
695537258
695547068
695521594
695536307
695542231
695534344
695546085
695516567
695516566
695509844
695518546
695550004
695538253
695508902
695546081
695549058
695512741
695540290
695520552
695511771
695508900
695509842
695512738
695541252
695535320
695514761
695520551
695522551
695531391
695534340
695538251
695549057
695532378
695547065
695530383
695548088
695511768
695531389
695543159
695524491
695549055
695536298
695510747
695543157
695535316
695530381
695515616
695545117
695540284
695521591
695529413
695512732
695512731
695511766
695519567
695529409
695535314
695509839
695539281
695531387
695513741
695531385
695529406
695542224
695517597
695535311
695517596
695510737
695534336
695532370
695527407
695524487
695527406
695542220
695523562
695528454
695546072
695536294
695519564
695546071
695544147
695544146
695532369
695534334
695545112
695543147
695509832
695521588
695527402
695548082
695518532
695530372
695547056
695508890
695544139
695521587
695522541
695547055
695539275
695515603
695524485
695511759
695548079
695518531
695529396
695523553
695540267
695533345
695546059
695529395
695548074
695529394
695535297
695517585
695509823
695521583
695519557
695507891
695542213
695542212
695548070
695527395
695512717
695532363
695506976
695538238
695535296
695548063
695518527
695528444
695525498
695539265
695533342
695528443
695517579
695528442
695521578
695532358
695515592
695510725
695531366
695525496
695515590
695530364
695534322
695510724
695542207
695515588
695528439
695527391
695536281
695506975
695533339
695508875
695549036
695525487
695530359
695535293
695547048
695549035
695507884
695512709
695523545
695511747
695509819
695513721
695533337
695546053
695539261
695523544
695517575
695542201
695517574
695511746
695515581
695506968
695519545
695514739
695546050
695541226
695506966
695544118
695535288
695517573
695532349
695542197
695522518
695543127
695511744
695518518
695530357
695512705
695543126
695527386
695525481
695520533
695544116
695517572
695537224
695545090
695519540
695523540
695536275
695532346
695531357
695513720
695516540
695509815
695522517
695527385
695540249
695507880
695513717
695531354
695524471
695531353
695530353
695506963
695519539
695547040
695517566
695526472
695535281
695509809
695527382
695523536
695546046
695523535
695512700
695535279
695547036
695519536
695529382
695513712
695547035
695511739
695522510
695540246
695512696
695541221
695531351
695508863
695547033
695547032
695541220
695530347
695549026
695548048
695512694
695541219
695531350
695521564
695518510
695515563
695538225
695530346
695507872
695539246
695540245
695543114
695540244
695521563
695510709
695506957
695510707
695526467
695545080
695518508
695548045
695532333
695534302
695511735
695519530
695516532
695537217
695512692
695514728
695543110
695544102
695519528
695543109
695530341
695539240
695517554
695515555
695523527
695525468
695514721
695527374
695517552
695528415
695545079
695513709
695546039
695528414
695517548
695548037
695521559
695518503
695521558
695519523
695507864
695519522
695524458
695516521
695539232
695534294
695537211
695514716
695530331
695514714
695526460
695513700
695548033
695512683
695528408
695543100
695541204
695539228
695535264
695530328
695511720
695547010
695548028
695520513
695507854
695547009
695507853
695532323
695508842
695543097
695526455
695506944
695518497
695515546
695541199
695516516
695546029
695529367
695539224
695532322
695518496
695508839
695533318
695528400
695542170
695538215
695524448
695523515
695526454
695530325
695514708
695539222
695523514
695528398
695508837
695527364
695515541
695503001
695536247
695539221
695529361
695542167
695511711
695530324
695506934
695514701
695537196
695508836
695532316
695510691
695536244
695545071
695516511
695516510
695528397
695542164
695540219
695548015
695516508
695541193
695536242
695530321
695518485
695544087
695529359
695542162
695542161
695534282
695539217
695541191
695540217
695524442
695545065
695530319
695508830
695516504
695525447
695537191
695519499
695536240
695526447
695515535
695514698
695535256
695526444
695519497
695535255
695549002
695509780
695530316
695530315
695548008
695509778
695506927
695516502
695502994
695524439
695524438
695533306
695540209
695524437
695533305
695543082
695506924
695537189
695536237
695504998
695541185
695543081
695531323
695531322
695512657
695515529
695522484
695517525
695535251
695517522
695515527
695533302
695521532
695502990
695517520
695515525
695519490
695538199
695517519
695543077
695530313
695523498
695508820
695528387
695526438
695506921
695538197
695512648
695528386
695523497
695532296
695507835
695516490
695525439
695529343
695522476
695532293
695522475
695538194
695529342
695513672
695523495
695506918
695534263
695534262
695525437
695506917
695543070
695511691
695523492
695544075
695544074
695533295
695516486
695536229
695515519
695526434
695512646
695533294
695509769
695522470
695542151
695518466
695539186
695531315
695518463
695504985
695515515
695540194
695526432
695545048
695530301
695511684
695543064
695545047
695504981
695544064
695521521
695538184
695541168
695519484
695536226
695524425
695512639
695532283
695536225
695524423
695517508
695533284
695539180
695522464
695515509
695511674
695519477
695528367
695507820
695520484
695511673
695541162
695511672
695531307
695520480
695514670
695521513
695504972
695527340
695541159
695545038
